# moID,sdss_run,sdss_col,sdss_field,sdss_obj,rowc,colc,mjd,ra,dec,lambda,beta,phi,vmu,vmu_err,vnu,vnu_err,vlambda,vbeta,mag_u,err_u,mag_g,err_g,mag_r,err_r,mag_i,err_i,mag_z,err_z,mag_a,err_a,mag_V,mag_B,ast_flag,ast_num,ast_designation,ast_det_count,ast_det_total,ast_flags,ra_comp,dec_comp,mag_comp,r_helio,r_geo,phase,cat_id,H,G,Arc,Epoch,a,e,i,asc_node,arg_peri,M,PEcat_id,aprime,eprime,sin_iprime
b's0584d',1033,1,18,501,998.964,227.926,51464.17464,319.778532,-1.028106,321.858475,13.907705,-57.528619,0.0202,0.0037,-0.0973,0.0032,-0.0117,-0.0988,21.81,0.2,20.32,0.04,19.77,0.02,19.561762,0.03,19.43982,0.14,0.009377446,0.04,19.99,20.75,1,62869,b'2000_UO84',1,2,0,319.778812,-1.028018,20.05,3.225,2.59,15.32,b'ASTORB_20041008',14.6,0.15,4095.0,53300.5,3.01652768,0.08975227,14.197422,207.942653,346.90541,119.862253,b'ASTDYS_N_20041008',3.01297,0.1441,0.2474
b's05871',1033,1,26,84,447.126,1859.88,51464.17779,320.915442,-0.84857,323.027658,13.719575,-56.362552,0.0156,0.0024,-0.0753,0.0027,-0.0094,-0.0764,19.69,0.03,17.91,0.02,17.32,0.01,17.101986,0.02,17.051657,0.03,0.04536371,0.02,17.56,18.36,1,5212,b'1989_SS',1,1,0,320.915543,-0.848566,16.91,3.136,2.484,15.56,b'ASTORB_20041008',11.6,0.15,5463.0,53300.5,3.02714364,0.0835713,11.375531,230.39305,225.860346,234.376329,b'ASTDYS_N_20041008',3.02742,0.0856,0.2121
b's0586a',1033,1,38,385,1075.33,1557.66,51464.18295,322.781026,-0.881779,324.832464,13.08832,-54.562862,0.0947,0.0042,-0.034,0.0042,0.0806,-0.0629,21.53,0.12,19.88,0.02,19.23,0.02,19.12369,0.03,19.038269,0.06,0.05483338,0.02,19.49,20.35,1,0,b'2003_WJ38',1,1,0,322.780935,-0.881736,19.5,1.921,1.172,25.4,b'ASTORB_20041008',16.57,0.15,1591.0,53300.5,2.3578807,0.20748863,8.189944,274.373214,109.188165,118.278019,b'ASTDYS_U_20041008',2.35713,0.1738,0.1605
b's05869',1033,1,39,382,550.47,1376.54,51464.18321,322.873013,-0.901683,324.915098,13.039572,-54.480479,0.0326,0.0029,-0.105,0.0032,-0.0034,-0.1099,21.83,0.16,19.82,0.02,19.16,0.02,18.944746,0.02,19.016695,0.06,0.11857065,0.02,19.43,20.3,1,35549,b'1998_FT108',1,1,0,322.873042,-0.901654,18.9,2.76,2.07,17.34,b'ASTORB_20041008',14.2,0.15,2353.0,53300.5,2.62425392,0.13097136,12.570014,212.389797,10.351804,170.453137,b'ASTDYS_N_20041008',2.62381,0.1701,0.2203
b's058d2',1033,1,86,297,1003.84,1547.68,51464.20283,329.958783,-0.882237,331.73463,10.660317,-47.680373,-0.0615,0.0042,-0.0408,0.0034,-0.0732,-0.0167,21.54,0.12,19.66,0.02,19.09,0.02,18.961567,0.03,18.84761,0.05,0.00443095,0.02,19.32,20.11,1,39737,b'1997_AE1',1,1,0,329.95871,-0.882067,19.45,2.931,2.174,14.79,b'ASTORB_20041008',14.6,0.15,2823.0,53300.5,2.67060609,0.10705925,11.147634,301.61726,202.226731,262.960537,b'ASTDYS_N_20041008',2.66956,0.1465,0.2078
b's058d4',1033,1,89,302,995.504,1928.58,51464.20407,330.406922,-0.840303,332.176456,10.542253,-47.239776,-0.0074,0.0027,0.0554,0.0027,0.0128,0.0545,20.74,0.06,18.96,0.02,18.29,0.01,18.05005,0.02,18.12302,0.03,0.14247857,0.02,18.57,19.46,1,66569,b'1999_RM145',1,2,0,330.406967,-0.840257,18.63,2.035,1.228,21.43,b'ASTORB_20041008',15.6,0.15,3949.0,53300.5,2.55426412,0.20415734,12.904063,324.336811,35.224435,79.77598,b'ASTDYS_N_20041008',2.55419,0.1602,0.2309
b's058a7',1033,1,112,205,504.094,1811.38,51464.21346,333.795968,-0.8528,335.38574,9.321331,-44.039782,0.0162,0.0032,-0.1281,0.0032,-0.0317,-0.1253,21.26,0.09,19.31,0.03,18.63,0.02,18.405624,0.02,18.487438,0.04,0.12707146,0.02,18.91,19.8,1,66702,b'1999_TJ88',1,2,0,333.795968,-0.852743,18.67,2.334,1.518,17.54,b'ASTORB_20041008',15.0,0.15,2348.0,53300.5,2.74244129,0.15226995,11.633671,203.651498,138.437747,45.942492,b'ASTDYS_N_20041008',2.74313,0.1171,0.2079
b's0589c',1033,1,115,177,462.02,287.858,51464.21469,334.240461,-1.020256,335.743917,9.004273,-43.682824,-0.0719,0.0029,-0.0199,0.0029,-0.0751,0.0075,21.25,0.1,19.48,0.02,18.79,0.02,18.606085,0.02,18.726059,0.04,0.13436852,0.02,19.08,19.98,1,0,b'1999_RS147',1,2,0,334.240444,-1.020181,18.39,2.844,2.044,14.22,b'ASTORB_20041008',13.76,0.15,937.0,53300.5,3.14755009,0.12837114,10.849752,313.4441,81.519649,289.281016,b'ASTDYS_U_20041008',3.15397,0.0889,0.207
b's0589b',1033,1,116,212,359.954,711.062,51464.21508,334.378954,-0.973672,335.891673,8.997426,-43.535447,0.0162,0.0032,-0.0772,0.0032,-0.0131,-0.0778,21.1,0.08,19.57,0.02,19.09,0.02,19.019182,0.02,18.94964,0.05,-0.112271376,0.02,19.28,19.96,1,0,b'1999_RP144',1,2,0,334.378921,-0.973639,18.88,2.175,1.346,18.69,b'ASTORB_20041008',15.59,0.15,1534.0,53300.5,2.59010589,0.18192723,6.19919,237.975622,84.298928,96.200439,b'ASTDYS_U_20041008',2.59089,0.1497,0.1267
b's058aa',1033,1,122,116,88.089,108.649,51464.21748,335.247297,-1.039793,336.685516,8.619601,-42.743985,-0.004,0.0034,-0.1448,0.0034,-0.0573,-0.1334,21.03,0.08,19.27,0.02,18.51,0.01,18.334402,0.02,18.282213,0.03,0.19480729,0.02,18.82,19.81,1,37865,b'1998_FS15',1,1,0,335.247295,-1.039743,18.66,2.441,1.618,16.33,b'ASTORB_20041008',14.8,0.15,18316.0,53300.5,2.59730981,0.15434587,13.846019,196.582751,81.547104,129.776801,b'ASTDYS_N_20041008',2.5987,0.1358,0.2475
b's058a9',1033,1,122,120,169.156,115.264,51464.21751,335.256213,-1.039064,336.694179,8.617022,-42.735346,-0.0416,0.0141,-0.0875,0.0156,-0.0715,-0.0663,21.89,0.17,20.11,0.03,19.39,0.02,19.301064,0.02,19.76891,0.1,0.11045808,0.03,19.69,20.62,1,0,b'2003_UK250',1,2,0,335.256189,-1.039095,19.58,2.368,1.542,16.84,b'ASTORB_20041008',15.87,0.15,1531.0,53300.5,2.29152051,0.07475135,5.650297,256.059238,337.559414,273.693353,b'ASTDYS_U_20041008',2.29154,0.0976,0.1091
b's058ea',1033,1,137,192,468.765,1312.39,51464.22382,337.534758,-0.907038,338.883607,7.900716,-40.552165,-0.0881,0.0032,-0.0321,0.0032,-0.0946,0.0029,21.34,0.15,19.9,0.03,19.42,0.02,19.350067,0.03,19.217104,0.06,-0.10515162,0.03,19.61,20.3,1,0,b'1999_RH155',1,1,0,337.534704,-0.907081,19.23,3.398,2.583,11.15,b'ASTORB_20041008',13.82,0.15,2300.0,53300.5,3.19880673,0.22110068,10.795955,315.777669,276.011418,49.797952,b'ASTDYS_U_20041008',3.17776,0.2452,0.2195
b's057b3',1033,1,145,305,1094.26,533.53,51464.22732,338.801233,-0.99252,340.037116,7.349644,-39.402127,-0.0862,0.0037,-0.0896,0.004,-0.1144,-0.0509,22.09,0.18,20.62,0.03,20.06,0.03,19.907028,0.03,19.980751,0.1,-0.002367293,0.03,20.29,21.06,1,0,b'2003_WE134',1,2,0,338.801155,-0.992381,19.87,2.426,1.575,15.33,b'ASTORB_20041008',16.11,0.15,2091.0,53300.5,2.23490144,0.09420516,5.239611,240.611195,317.808885,333.787036,b'ASTDYS_U_20041008',2.23454,0.1358,0.0978
b's057b2',1033,1,147,176,451.069,615.541,51464.22796,339.029905,-0.983486,340.25429,7.272468,-39.18558,-0.0103,0.0029,-0.0769,0.0037,-0.0387,-0.0674,21.38,0.1,19.71,0.04,19.06,0.02,18.886654,0.02,19.183472,0.05,0.09009471,0.03,19.33,20.2,1,0,b'2002_JY57',1,2,0,339.029944,-0.983443,19.11,2.029,1.159,18.33,b'ASTORB_20041008',16.31,0.15,1560.0,53300.5,2.36192617,0.16409913,4.728112,239.674511,82.988367,164.262809,b'ASTDYS_U_20041008',2.36249,0.125,0.0984
b's057f1',1033,1,158,237,617.119,1718.03,51464.23257,340.694864,-0.862047,341.854373,6.758598,-37.590061,-0.0788,0.0048,-0.0825,0.0045,-0.1048,-0.0466,22.07,0.23,20.27,0.04,19.62,0.02,19.352869,0.02,19.338982,0.08,0.13345236,0.04,19.88,20.75,1,40563,b'1999_RZ122',1,1,0,340.694662,-0.862074,19.08,2.659,1.802,13.39,b'ASTORB_20041008',14.9,0.15,2311.0,53300.5,2.75312379,0.04030078,5.638524,229.228253,98.8156,61.072702,b'ASTDYS_N_20041008',2.75322,0.021,0.1127
b's057ec',1033,1,160,244,1127.68,1626.48,51464.23355,341.050396,-0.871999,342.181895,6.61487,-37.263514,-0.0528,0.0042,-0.0931,0.0042,-0.0847,-0.0662,21.88,0.21,20.35,0.03,19.69,0.03,19.44095,0.03,19.570042,0.08,0.13126323,0.03,19.96,20.84,1,0,b'1999_RR107',1,2,0,341.050465,-0.871918,19.35,2.258,1.384,15.71,b'ASTORB_20041008',16.02,0.15,1505.0,53300.5,2.44391079,0.12995695,5.40729,226.181148,72.046755,160.726952,b'ASTDYS_U_20041008',2.44449,0.1099,0.1073
b's057db',1033,1,164,145,551.231,1533.51,51464.23504,341.585753,-0.882137,342.67654,6.402474,-36.770337,-0.1008,0.0037,0.0345,0.004,-0.0806,0.0702,21.7,0.16,20.17,0.03,19.55,0.03,19.3232,0.02,19.283304,0.06,0.087310426,0.03,19.8,20.64,1,0,b'1999_RU17',1,2,0,341.585751,-0.882187,19.34,2.111,1.228,16.63,b'ASTORB_20041008',16.38,0.15,2115.0,53300.5,2.37116099,0.23608167,11.814048,340.856185,304.220952,185.202973,b'ASTDYS_U_20041008',2.37211,0.1923,0.211
b's057e4',1033,1,168,132,1345.22,1812.41,51464.23694,342.271831,-0.85141,343.326555,6.169908,-36.122203,-0.0751,0.0034,-0.1644,0.0034,-0.1328,-0.1234,21.2,0.1,19.72,0.03,19.09,0.02,18.833893,0.02,18.842747,0.05,0.114423685,0.03,19.35,20.2,1,77044,b'2001_CE42',1,1,0,342.271903,-0.851394,19.32,2.491,1.618,13.81,b'ASTORB_20041008',15.5,0.15,4424.0,53300.5,2.60735246,0.09862913,14.294593,192.904374,231.909802,11.747692,b'ASTDYS_N_20041008',2.60741,0.0961,0.2526
b's057d6',1033,1,169,213,959.683,1337.94,51464.23723,342.379154,-0.903546,343.406346,6.080804,-36.042706,-0.0504,0.004,-0.0647,0.004,-0.0717,-0.0406,22.46,0.32,20.41,0.03,19.71,0.02,19.464996,0.03,19.5035,0.08,0.15675226,0.03,20.0,20.91,1,0,b'2002_JA96',1,2,0,342.379225,-0.903483,19.59,2.032,1.141,16.98,b'ASTORB_20041008',16.86,0.15,2570.0,53300.5,2.27872094,0.15905631,3.487024,258.40699,47.830203,206.410546,b'ASTDYS_U_20041008',2.27879,0.1224,0.0743
b's057d5',1033,1,170,153,653.707,466.694,51464.23755,342.495215,-0.999325,343.47749,5.94801,-35.97188,-0.1297,0.0034,-0.0406,0.0032,-0.1361,0.0119,21.77,0.17,20.0,0.06,19.3,0.02,19.070868,0.02,19.336557,0.07,0.15830736,0.06,19.59,20.51,1,0,b'1999_RX80',1,2,0,342.495167,-0.999391,19.05,2.423,1.546,14.15,b'ASTORB_20041008',15.38,0.15,1577.0,53300.5,2.31788266,0.04679132,6.434706,321.414658,201.671012,348.803656,b'ASTDYS_U_20041008',2.31767,0.0925,0.1171
b's137d1',1033,1,187,415,1166.43,1016.11,51464.24476,345.096346,-0.938526,345.913664,5.006249,-33.542836,-0.1374,0.0056,-0.0562,0.0058,-0.149,0.0011,22.24,0.28,20.79,0.05,20.16,0.04,19.851643,0.04,20.10131,0.14,0.13261,0.05,20.41,21.26,1,0,b'1998_FM105',1,1,0,345.096311,-0.938536,20.09,2.619,1.731,12.26,b'ASTORB_20041008',16.07,0.15,2064.0,53300.5,2.31538324,0.15025063,5.889748,323.843339,240.397926,299.043646,b'ASTDYS_U_20041008',2.31528,0.186,0.1124
b's137d3',1033,1,188,63,856.782,1016.81,51464.24508,345.211999,-0.938448,346.020777,4.96169,-33.436041,-0.1024,0.0037,-0.0997,0.0037,-0.1334,-0.0525,21.27,0.12,19.86,0.03,19.21,0.02,18.990211,0.02,18.990225,0.06,0.111918055,0.03,19.48,20.35,1,43646,b'2002_ER73',1,2,0,345.211985,-0.938513,19.48,2.816,1.932,11.36,b'ASTORB_20041008',15.1,0.15,5089.0,53300.5,2.80254032,0.02114228,7.726429,203.170607,253.902911,288.186765,b'ASTDYS_N_20041008',2.80209,0.0455,0.1413
b's137d4',1033,1,188,130,797.761,408.978,51464.24506,345.205525,-1.005305,345.988879,4.902513,-33.467921,-0.1353,0.0042,-0.0523,0.004,-0.1455,0.004,21.22,0.15,19.55,0.06,18.86,0.02,18.624464,0.02,18.663242,0.04,0.1452333,0.05,19.14,20.05,1,74685,b'1999_RT123',1,1,0,345.205402,-1.005398,19.19,2.367,1.472,13.56,b'ASTORB_20041008',15.7,0.15,3656.0,53300.5,2.3138136,0.02291609,4.365008,315.137758,226.543225,331.940966,b'ASTDYS_N_20041008',2.31358,0.0645,0.0825
b's137d9',1033,1,193,149,167.859,94.695,51464.24694,345.884757,-1.039722,346.60404,4.60828,-32.854623,-0.0952,0.0042,-0.0976,0.0045,-0.126,-0.0532,21.68,0.19,20.2,0.03,19.58,0.02,19.385345,0.03,19.251232,0.08,0.06673011,0.03,19.83,20.67,1,36214,b'1999_TH201',1,2,0,345.885567,-1.039513,19.25,3.305,2.424,9.51,b'ASTORB_20041008',14.1,0.15,2731.0,53300.5,3.15014066,0.04510819,10.80649,193.691922,352.542727,132.002448,b'ASTDYS_N_20041008',3.14542,0.088,0.1893
b's137e5',1033,1,201,234,198.68,465.88,51464.25027,347.085805,-0.998667,347.730112,4.180312,-31.731843,-0.153,0.0056,-0.0655,0.0053,-0.1669,-0.0009,22.28,0.31,20.63,0.18,20.01,0.03,19.766449,0.04,19.98472,0.13,0.085332476,0.17,20.26,21.1,1,58119,b'1981_EJ9',1,2,0,347.08578,-0.998597,20.25,2.82,1.923,10.81,b'ASTORB_20041008',15.9,0.15,8260.0,53300.5,2.56277844,0.10834285,3.986017,312.651121,204.666186,287.024109,b'ASTDYS_N_20041008',2.56215,0.1638,0.0841
b's137ed',1033,1,207,321,1070.79,607.891,51464.25302,348.079995,-0.982872,348.654083,3.807767,-30.810598,-0.1631,0.035,-0.0265,0.0321,-0.1609,0.0392,22.34,0.36,21.6,0.39,20.91,0.06,20.749016,0.08,20.760601,0.27,0.118706435,0.35,21.19,22.11,1,0,b'1998_HW37',1,1,0,348.08002,-0.983006,20.44,2.877,1.975,10.3,b'ASTORB_20041008',16.01,0.15,2931.0,53300.5,2.59654259,0.19822589,3.094495,300.474021,287.582723,184.028151,b'ASTDYS_U_20041008',2.59768,0.2363,0.0757
b's137ee',1033,1,208,105,1162.73,1571.23,51464.25347,348.23976,-0.876893,348.842937,3.843016,-30.622182,-0.1223,0.0034,-0.1082,0.0037,-0.1551,-0.0519,21.23,0.13,19.14,0.03,18.46,0.02,18.288706,0.03,18.467268,0.04,0.11275779,0.03,18.74,19.64,1,39927,b'1998_FM68',1,2,0,348.239699,-0.876796,19.45,2.516,1.607,11.73,b'ASTORB_20041008',15.7,0.15,4047.0,53300.5,2.43883818,0.1054472,5.67212,206.001365,42.200357,215.608134,b'ASTDYS_N_20041008',2.43852,0.1203,0.106
b's137ef',1033,1,208,147,801.233,978.431,51464.25336,348.200023,-0.942088,348.780774,3.798497,-30.684236,-0.1342,0.0042,-0.0602,0.0045,-0.1474,-0.0031,21.4,0.16,20.09,0.04,19.65,0.02,19.497602,0.04,19.388193,0.09,-0.11888711,0.04,19.82,20.46,1,65990,b'1998_KR14',1,2,0,348.200018,-0.942202,19.96,3.013,2.113,9.8,b'ASTORB_20041008',15.3,0.15,1930.0,53300.5,2.72972854,0.19043645,3.459576,307.346604,280.982135,152.747798,b'ASTDYS_N_20041008',2.72827,0.2226,0.0822
b's137f4',1033,1,216,389,1196.31,1102.54,51464.25679,349.441058,-0.928233,349.930512,3.326096,-29.537901,-0.1241,0.0072,-0.0814,0.0072,-0.1463,-0.0263,22.22,0.3,20.95,0.06,20.52,0.04,20.269487,0.05,20.139004,0.15,-0.0653101,0.06,20.69,21.33,1,0,b'1999_TX253',1,2,0,349.44128,-0.928267,19.86,2.738,1.827,10.41,b'ASTORB_20041008',15.7,0.15,916.0,53300.5,2.7175995,0.01864639,4.932855,206.875397,44.240724,150.97549,b'ASTDYS_U_20041008',2.71754,0.0524,0.0946
b's137f5',1033,1,216,403,1364.46,775.727,51464.25684,349.459565,-0.964172,349.933466,3.285781,-29.534998,-0.1297,0.0061,-0.0981,0.0061,-0.158,-0.0395,22.24,0.31,20.83,0.06,20.11,0.03,19.868591,0.04,19.923973,0.13,0.17018127,0.05,20.41,21.34,1,39652,b'1995_TY4',1,2,0,349.459539,-0.96422,20.28,2.752,1.84,10.36,b'ASTORB_20041008',16.1,0.15,2864.0,53300.5,2.64388232,0.0926439,5.766617,202.43679,38.698383,170.183667,b'ASTDYS_N_20041008',2.64436,0.1406,0.1059
b's137f6',1033,1,217,128,809.26,481.366,51464.25709,349.548246,-0.996552,350.002472,3.221253,-29.466234,-0.1536,0.0045,0.0382,0.0042,-0.1265,0.0953,21.29,0.13,19.6,0.04,19.06,0.02,18.880804,0.03,18.863123,0.05,-0.00694177,0.04,19.28,20.03,1,0,b'1999_RK177',1,1,0,349.548151,-0.996597,18.69,2.427,1.509,11.73,b'ASTORB_20041008',15.16,0.15,1834.0,53300.5,3.03537831,0.2475209,13.802555,353.173715,326.042038,7.947652,b'ASTDYS_U_20041008',3.03771,0.2281,0.2374
b's37cf5',1033,1,222,402,1406.12,1328.53,51464.25935,350.362397,-0.903255,350.789023,2.987764,-28.681916,-0.1302,0.0109,-0.0671,0.0101,-0.1463,-0.0106,22.36,0.38,21.59,0.09,20.96,0.06,20.777357,0.08,21.524874,0.91,0.0742369,0.09,21.21,22.06,1,0,b'2002_GW54',1,2,0,350.362339,-0.903157,20.58,2.891,1.976,9.59,b'ASTORB_20041008',16.17,0.15,2422.0,53300.5,2.64520608,0.10794476,4.422064,207.692201,2.628035,203.734526,b'ASTDYS_U_20041008',2.64514,0.1535,0.0843
b's137ff',1033,1,227,253,417.476,1866.07,51464.26112,351.002122,-0.844052,351.401246,2.790803,-28.071446,-0.1448,0.009,-0.013,0.0082,-0.1384,0.045,22.99,0.98,21.23,0.07,20.63,0.05,20.392645,0.06,20.271538,0.18,0.07488351,0.07,20.88,21.69,1,0,b'1999_UM36',1,1,0,351.002161,-0.84418,20.68,3.193,2.279,8.5,b'ASTORB_20041008',15.79,0.15,889.0,53300.5,3.14122944,0.06391502,10.287347,348.555123,117.877734,225.920323,b'ASTDYS_U_20041008',3.14055,0.0776,0.1852
b's37cfe',1033,1,241,240,343.549,1231.89,51464.2669,353.089825,-0.913399,353.293881,1.904066,-26.184536,-0.169,0.0135,-0.0934,0.0103,-0.1922,-0.019,23.66,1.12,21.21,0.09,20.55,0.06,20.358404,0.07,20.002518,0.17,0.10395862,0.09,20.82,21.7,1,69669,b'1998_FF137',1,2,0,353.089829,-0.913399,20.88,2.677,1.746,9.49,b'ASTORB_20041008',16.9,0.15,2038.0,53300.5,2.41673872,0.1701908,1.989867,221.409395,5.761919,241.966804,b'ASTDYS_N_20041008',2.41597,0.1962,0.0461
b's1381b',1033,1,242,81,653.736,634.063,51464.26741,353.273703,-0.979099,353.436881,1.771061,-26.04204,-0.153,0.0056,-0.0828,0.0053,-0.1733,-0.0155,20.95,0.13,19.28,0.04,18.55,0.02,18.266148,0.03,18.354492,0.04,0.20808595,0.04,18.85,19.81,1,66507,b'1999_RT84',1,2,0,353.273748,-0.979083,18.9,2.446,1.51,10.35,b'ASTORB_20041008',15.4,0.15,3869.0,53300.5,2.64909665,0.10476431,2.372607,211.177403,199.822263,20.816754,b'ASTDYS_N_20041008',2.64924,0.0827,0.0551
b's1381c',1033,1,242,99,1347.45,1479.37,51464.26762,353.349976,-0.886121,353.543737,1.826323,-25.935393,-0.1398,0.0045,-0.0706,0.0037,-0.1563,-0.0096,19.89,0.06,18.35,0.04,17.71,0.01,17.48953,0.03,17.447906,0.03,0.0998507,0.04,17.97,18.82,1,11687,b'1998_FM40',1,1,0,353.349946,-0.886091,17.51,2.322,1.383,10.87,b'ASTORB_20041008',14.3,0.15,4022.0,53300.5,2.57560536,0.23564514,1.139929,258.06061,29.193835,129.567872,b'ASTDYS_N_20041008',2.57807,0.2297,0.0368
b's1381d',1033,1,242,313,884.807,1352.36,51464.26748,353.299093,-0.9001,353.491451,1.833594,-25.987539,-0.1594,0.008,-0.0589,0.0066,-0.1698,0.0089,22.01,0.2,20.48,0.06,19.78,0.03,19.53484,0.04,19.570522,0.12,0.1684537,0.05,20.07,20.99,1,0,b'1999_TW304',1,2,0,353.298937,-0.900143,19.17,2.69,1.758,9.38,b'ASTORB_20041008',15.17,0.15,4579.0,53300.5,2.85681112,0.1253077,1.762821,319.857247,111.957252,318.94265,b'ASTDYS_U_20041008',2.85655,0.114,0.0455
b's0586d',1033,2,45,371,620.93,593.866,51464.18572,323.77871,-0.567978,325.905642,13.058294,-53.492418,0.0401,0.0027,-0.144,0.0029,-0.0099,-0.1492,21.32,0.13,19.75,0.02,19.2,0.02,18.958393,0.02,19.165161,0.06,0.029427249,0.02,19.42,20.19,1,0,b'2002_GU90',1,1,0,323.778667,-0.567921,19.44,2.53,1.818,18.75,b'ASTORB_20041008',15.17,0.15,3345.0,53300.5,2.67342955,0.12015625,15.979262,199.637943,213.551391,356.955759,b'ASTDYS_U_20041008',2.67355,0.1145,0.2805
b's05855',1033,2,61,263,303.125,733.829,51464.19225,326.138956,-0.552359,328.191332,12.285239,-51.213199,-0.0225,0.0034,-0.0557,0.0034,-0.041,-0.0448,22.3,0.29,20.69,0.03,20.25,0.03,20.06398,0.03,19.885508,0.11,-0.10478856,0.04,20.42,21.07,1,0,b'2000_WO77',1,1,0,326.139774,-0.551985,19.61,3.095,2.382,14.78,b'ASTORB_20041008',14.45,0.15,1740.0,53300.5,3.08618403,0.03452757,9.640804,264.790343,168.159718,247.729975,b'ASTDYS_U_20041008',3.08661,0.0363,0.1868
b's058bb',1033,2,64,399,1228.69,1864.76,51464.19378,326.689854,-0.427911,328.76483,12.215515,-50.641211,0.0186,0.0032,-0.0713,0.0034,-0.007,-0.0734,20.99,0.09,19.48,0.02,18.79,0.02,18.663767,0.01,18.64611,0.04,0.101333655,0.02,19.07,19.98,1,35634,b'1998_KS32',1,1,0,326.689834,-0.427904,18.44,2.654,1.918,17.16,b'ASTORB_20041008',14.0,0.15,2327.0,53300.5,2.99437956,0.11918053,8.911561,246.578111,111.160761,339.907496,b'ASTDYS_N_20041008',2.99608,0.0786,0.1746
b's058cc',1033,2,86,27,349.314,1705.95,51464.20263,329.886497,-0.445099,331.821724,11.095058,-47.593081,0.0095,0.0024,-0.1061,0.0024,-0.0288,-0.1027,19.44,0.03,17.63,0.02,16.96,0.01,16.69615,0.01,16.702877,0.02,0.13993791,0.02,17.23,18.12,1,11544,b'1992_UD3',1,2,0,329.886487,-0.445075,16.81,2.142,1.347,20.45,b'ASTORB_20041008',13.5,0.15,17721.0,53300.5,2.37496183,0.15643401,8.157115,230.32214,180.461484,90.06655,b'ASTDYS_N_20041008',2.3745,0.1519,0.1513
b's058de',1033,2,100,334,300.259,415.852,51464.20842,331.976946,-0.586777,333.760268,10.223051,-45.660268,-0.0469,0.0027,-0.0552,0.0027,-0.0646,-0.0348,21.5,0.13,19.89,0.03,19.25,0.01,19.007309,0.02,19.025112,0.05,0.10333732,0.03,19.51,20.36,1,36124,b'1999_RF147',1,2,0,331.976921,-0.586822,18.89,2.917,2.14,14.38,b'ASTORB_20041008',14.1,0.15,2311.0,53300.5,2.76819981,0.0831199,7.826165,274.689318,302.338324,156.379875,b'ASTDYS_N_20041008',2.76718,0.1215,0.1566
b's058dd',1033,2,102,262,498.85,165.238,51464.20931,332.298217,-0.614295,334.055106,10.082579,-45.36631,-0.0422,0.0027,-0.0416,0.0024,-0.0551,-0.0238,20.74,0.07,19.0,0.02,18.41,0.02,18.200506,0.02,18.189144,0.03,0.05494176,0.02,18.65,19.45,1,36125,b'1999_RG147',1,1,0,332.298264,-0.614259,18.67,2.79,2.005,14.97,b'ASTORB_20041008',14.1,0.15,4048.0,53300.5,3.09302933,0.11054344,8.299467,288.186552,87.30926,311.650134,b'ASTDYS_N_20041008',3.09635,0.0693,0.1655
b's058dc',1033,2,102,276,576.262,251.415,51464.20934,332.306729,-0.604809,334.066626,10.088392,-45.354814,-0.0578,0.0034,-0.0382,0.0034,-0.0687,-0.015,22.33,0.25,20.85,0.04,20.34,0.03,20.169449,0.03,20.022715,0.1,-0.040373407,0.04,20.55,21.27,1,0,b'2002_AO74',1,3,0,332.306838,-0.604848,19.86,3.397,2.629,12.25,b'ASTORB_20041008',14.37,0.15,3548.0,53300.5,3.18722381,0.10423016,10.921041,300.504075,275.531631,78.353168,b'ASTDYS_U_20041008',3.17752,0.1337,0.2133
b's05880',1033,2,127,216,1336.76,1536.39,51464.21993,336.13291,-0.462903,337.733045,8.831525,-41.698885,-0.0918,0.0032,-0.0371,0.0034,-0.1002,-0.0007,22.38,0.3,20.2,0.03,19.5,0.02,19.238201,0.02,19.317577,0.06,0.1668973,0.03,19.79,20.7,1,33000,b'1997_CJ28',1,1,0,336.132982,-0.462954,19.48,3.153,2.344,12.34,b'ASTORB_20041008',14.4,0.15,5111.0,53300.5,2.75094828,0.17023406,11.166497,314.029023,243.972863,178.700897,b'ASTDYS_N_20041008',2.74929,0.1973,0.2151
b's0587f',1033,2,130,244,582.525,879.575,51464.22095,336.499077,-0.535048,338.050514,8.629514,-41.382419,0.0106,0.0027,-0.0639,0.0029,-0.0139,-0.0633,21.25,0.12,19.56,0.02,18.97,0.01,18.777086,0.02,18.88805,0.04,0.037524924,0.02,19.21,20.01,1,0,b'1999_RL144',1,2,0,336.49909,-0.534921,18.55,1.998,1.143,19.57,b'ASTORB_20041008',15.77,0.15,1585.0,53300.5,2.27135355,0.18757187,4.949887,261.850555,36.945543,210.24774,b'ASTDYS_U_20041008',2.27163,0.1515,0.0988
b's058e5',1033,2,137,235,1070.84,1473.96,51464.224,337.600678,-0.469519,339.109541,8.282465,-40.326413,-0.0817,0.0029,-0.0432,0.0027,-0.0929,-0.0098,20.99,0.09,19.3,0.02,18.68,0.02,18.457848,0.01,18.433477,0.03,0.08285946,0.02,18.93,19.77,1,20554,b'1999_RW114',1,1,0,337.600784,-0.469473,18.62,3.13,2.308,12.09,b'ASTORB_20041008',13.6,0.15,2741.0,53300.5,3.05206619,0.08893874,8.036725,301.168959,302.861357,76.213305,b'ASTDYS_N_20041008',3.0485,0.1163,0.1601
b's057af',1033,2,142,212,969.58,849.955,51464.22604,338.338114,-0.538064,339.775023,7.944198,-39.662952,-0.056,0.0027,-0.1013,0.0024,-0.0906,-0.0731,20.04,0.04,18.51,0.02,18.0,0.02,17.860064,0.02,17.814072,0.02,-0.052991502,0.02,18.2,18.92,1,19649,b'1999_RQ104',1,2,0,338.338098,-0.538094,18.42,2.943,2.11,12.68,b'ASTORB_20041008',13.7,0.15,3625.0,53300.5,3.1163396,0.06035585,10.252119,205.500118,147.537118,327.858129,b'ASTDYS_N_20041008',3.11717,0.0293,0.1852
b's057ac',1033,2,145,217,248.728,533.746,51464.22707,338.70791,-0.572799,340.108166,7.773806,-39.330822,-0.095,0.0029,-0.0618,0.0032,-0.1122,-0.0218,22.35,0.26,20.38,0.03,19.6,0.02,19.36411,0.03,19.62368,0.07,0.22911884,0.03,19.92,20.92,1,0,b'2000_YS51',1,2,0,338.707858,-0.572723,19.26,2.651,1.807,14.0,b'ASTORB_20041008',15.06,0.15,1502.0,53300.5,2.46782141,0.08480561,5.630877,283.750319,222.524397,319.225049,b'ASTDYS_U_20041008',2.46855,0.1111,0.1143
b's057aa',1033,2,146,266,1083.77,224.33,51464.22774,338.949501,-0.606803,340.321382,7.651847,-39.118269,-0.0401,0.0034,-0.0568,0.0037,-0.0589,-0.0376,23.39,0.62,20.51,0.03,19.85,0.02,19.58848,0.02,19.697392,0.08,0.13672341,0.03,20.12,21.0,1,0,b'2000_YJ22',1,1,0,338.949396,-0.606752,19.38,2.181,1.319,17.01,b'ASTORB_20041008',16.18,0.15,1503.0,53300.5,2.44633384,0.14196472,4.629579,269.907883,42.354917,147.101891,b'ASTDYS_U_20041008',2.44732,0.1152,0.0963
b's057d0',1033,2,160,100,85.902,538.918,51464.23324,340.935551,-0.57185,342.189343,6.936153,-37.255751,-0.0313,0.0032,-0.0472,0.0032,-0.0472,-0.0318,21.07,0.12,19.34,0.03,18.71,0.02,18.469318,0.03,18.593296,0.04,0.10083837,0.03,18.97,19.81,1,0,b'1999_RO70',1,1,0,340.935457,-0.57183,18.95,2.072,1.191,17.18,b'ASTORB_20041008',16.08,0.15,1449.0,53300.5,2.57842266,0.21187875,4.046053,278.959776,54.138537,93.875505,b'ASTDYS_U_20041008',2.57866,0.1786,0.0882
b's057cf',1033,2,162,308,1131.53,1627.69,51464.23438,341.349895,-0.451997,342.621315,6.889949,-36.824916,-0.1162,0.0042,-0.0862,0.004,-0.1412,-0.0356,21.91,0.25,20.61,0.03,20.19,0.03,19.960703,0.04,19.84634,0.09,-0.10366193,0.04,20.35,20.98,1,0,b'2001_AP15',1,2,0,341.349839,-0.451956,19.77,2.723,1.862,12.86,b'ASTORB_20041008',15.49,0.15,1445.0,53300.5,2.55551848,0.17655115,4.945252,247.43363,228.789727,340.472868,b'ASTDYS_U_20041008',2.55323,0.2032,0.1038
b's057e1',1033,2,165,450,516.141,1736.5,51464.23544,341.731271,-0.440018,342.981174,6.756111,-36.466103,-0.127,0.0042,-0.1056,0.0042,-0.1588,-0.0493,22.38,0.72,20.79,0.04,20.23,0.04,20.086136,0.04,20.008585,0.11,-0.007944189,0.04,20.46,21.23,1,0,b'2003_UJ173',1,2,0,341.731212,-0.440005,20.0,2.364,1.49,14.72,b'ASTORB_20041008',16.44,0.15,4042.0,53300.5,2.38421406,0.23769303,4.887324,237.909492,221.553797,56.986763,b'ASTDYS_U_20041008',2.38433,0.256,0.1006
b's057c9',1033,2,172,168,1186.4,204.584,51464.23855,342.852875,-0.608377,343.959999,6.172768,-35.490353,-0.0833,0.0032,-0.1056,0.0027,-0.118,-0.0657,20.46,0.07,18.79,0.02,18.2,0.02,18.016287,0.02,17.969143,0.03,0.042430203,0.02,18.44,19.25,1,21337,b'1997_BN9',1,1,0,342.853037,-0.608324,18.57,2.843,1.974,11.9,b'ASTORB_20041008',14.1,0.15,2801.0,53300.5,2.97433822,0.0809515,9.667432,201.716818,213.311139,301.143974,b'ASTDYS_N_20041008',2.97453,0.0624,0.174
b's05838',1033,2,177,123,523.491,759.485,51464.24042,343.528414,-0.547285,344.611062,5.970535,-34.841141,-0.126,0.0037,-0.0125,0.0032,-0.1218,0.0368,20.44,0.07,18.89,0.02,18.41,0.01,18.246288,0.01,18.314356,0.03,-0.06626582,0.02,18.6,19.29,1,33779,b'1999_RG165',1,2,0,343.528432,-0.547335,18.43,3.202,2.335,10.37,b'ASTORB_20041008',13.4,0.15,5462.0,53300.5,3.12391037,0.13221404,15.025716,337.711081,271.993633,57.826099,b'ASTDYS_N_20041008',3.11684,0.1382,0.2782
b's05830',1033,2,179,158,1012.07,1725.01,51464.2414,343.881519,-0.441021,344.979882,5.933118,-34.47329,-0.1186,0.0037,-0.0366,0.0034,-0.1242,0.0118,20.24,0.07,18.72,0.03,18.29,0.02,18.126335,0.02,18.087955,0.03,-0.112795465,0.03,18.46,19.1,1,0,b'1999_RN169',1,1,0,343.881457,-0.440972,18.18,1.975,1.072,16.82,b'ASTORB_20041008',15.66,0.15,1649.0,53300.5,2.3509732,0.21607624,4.283757,312.970197,100.618597,107.931465,b'ASTDYS_U_20041008',2.35003,0.2034,0.089
b's05823',1033,2,181,195,758.651,219.429,51464.24215,344.153068,-0.60656,345.167896,5.675924,-34.28602,-0.0997,0.0037,-0.0759,0.0037,-0.1218,-0.0317,19.78,0.04,18.13,0.02,17.61,0.02,17.425804,0.02,17.344584,0.03,-0.027334262,0.02,17.82,18.55,1,11883,b'1990_RD5',1,2,0,344.152979,-0.606582,17.58,2.641,1.759,12.43,b'ASTORB_20041008',13.5,0.15,5094.0,53300.5,2.73591912,0.05353792,4.189797,241.849532,166.202829,353.950391,b'ASTDYS_N_20041008',2.73587,0.0375,0.0895
b's05837',1033,2,193,145,1119.9,393.639,51464.24723,345.989136,-0.58705,346.876501,4.985227,-32.582449,-0.1331,0.0037,-0.0321,0.0045,-0.1357,0.022,21.67,0.23,19.75,0.03,19.2,0.02,18.978447,0.03,18.740028,0.05,0.023003949,0.03,19.42,20.19,1,11868,b'1989_TY',1,2,0,345.989128,-0.58696,18.85,3.111,2.226,10.04,b'ASTORB_20041008',14.0,0.15,5468.0,53300.5,2.98035063,0.13074187,9.205949,333.513504,269.744537,90.831692,b'ASTDYS_N_20041008',2.97722,0.1521,0.1777
b's05805',1033,2,202,244,1020.51,1435.1,51464.25093,347.325571,-0.472308,348.156988,4.571936,-31.305625,-0.1239,0.0053,-0.0507,0.005,-0.1342,0.0016,22.03,0.31,20.27,0.03,19.57,0.03,19.354576,0.03,19.380468,0.07,0.15222675,0.03,19.86,20.77,1,0,b'2002_ED129',1,1,0,347.325559,-0.472338,19.16,2.467,1.561,12.24,b'ASTORB_20041008',15.5,0.15,2974.0,53300.5,2.58247153,0.14288671,3.975977,313.309982,328.618967,138.661618,b'ASTDYS_U_20041008',2.58404,0.1149,0.0846
b's05804',1033,2,203,455,821.781,189.067,51464.25129,347.453425,-0.609332,348.221591,4.395946,-31.241373,-0.1854,0.008,-0.0483,0.0093,-0.1901,0.0277,24.42,1.57,21.41,0.07,21.02,0.06,20.69211,0.07,20.422482,0.19,-0.06773433,0.08,21.17,21.77,1,0,b'2003_UG28',1,2,0,347.453379,-0.609295,20.96,2.291,1.38,13.17,b'ASTORB_20041008',17.69,0.15,2482.0,53300.5,2.42099813,0.20164075,4.072316,320.751504,126.980605,56.789151,b'ASTDYS_U_20041008',2.42126,0.2097,0.0819
b's37d05',1033,2,209,80,979.472,1855.57,51464.25382,348.369011,-0.425818,349.138786,4.207814,-30.326689,-0.1483,0.0045,-0.0302,0.0042,-0.1487,0.0301,20.54,0.11,19.58,0.06,18.92,0.28,18.69787,0.23,18.42315,0.09,0.12365327,0.17,19.19,20.06,1,66593,b'1999_RL176',1,1,0,348.368959,-0.425809,18.86,2.255,1.338,13.02,b'ASTORB_20041008',15.7,0.15,2180.0,53300.5,2.20613703,0.13162361,4.539738,328.628033,286.598691,284.409399,b'ASTDYS_N_20041008',2.20589,0.1329,0.0815
b's05800',1033,2,210,115,276.817,1252.74,51464.25402,348.441455,-0.492124,349.179673,4.118476,-30.286,-0.104,0.0042,-0.1366,0.004,-0.1495,-0.0851,20.92,0.13,19.4,0.02,18.93,0.05,18.857243,0.03,18.743446,0.05,-0.11949061,0.03,19.11,19.79,1,40500,b'1999_RE82',1,1,0,348.442601,-0.491996,19.43,3.124,2.223,9.34,b'ASTORB_20041008',14.6,0.15,2249.0,53300.5,3.19403099,0.02591965,17.159561,187.732611,179.395793,308.371633,b'ASTDYS_N_20041008',3.19323,0.0132,0.296
b's05846',1033,2,213,140,323.689,122.527,51464.25528,348.895713,-0.616385,349.550064,3.826516,-29.916853,-0.1766,0.005,-0.0003,0.0042,-0.163,0.0689,22.4,0.43,20.04,0.08,19.11,0.02,18.895084,0.03,18.881598,0.05,0.3531579,0.07,19.5,20.65,1,0,b'1999_RA182',1,1,0,348.895642,-0.616384,18.68,2.314,1.397,12.51,b'ASTORB_20041008',15.39,0.15,3545.0,53300.5,2.40587303,0.03996681,9.884957,348.535436,32.554389,107.443235,b'ASTDYS_U_20041008',2.40609,0.0283,0.1725
b's0578b',1033,2,216,116,1115.96,1119.66,51464.25677,349.431892,-0.506597,350.087564,3.717618,-29.380824,-0.1371,0.0053,-0.0358,0.0042,-0.1405,0.0208,22.02,0.3,20.17,0.03,19.42,0.03,19.265688,0.03,19.248554,0.07,0.15586087,0.03,19.73,20.7,1,0,b'1999_TM59',1,1,0,349.431815,-0.506572,19.37,2.27,1.348,12.55,b'ASTORB_20041008',16.2,0.15,2387.0,53300.5,2.60012018,0.12777591,4.44923,332.766071,36.063047,66.875157,b'ASTDYS_U_20041008',2.60064,0.09,0.0891
b's05790',1033,2,221,155,1059.74,1978.07,51464.25882,350.174286,-0.412015,350.80897,3.513408,-28.661453,-0.1066,0.0048,-0.0666,0.0045,-0.1244,-0.0194,22.2,0.95,20.36,0.03,19.79,0.02,19.544207,0.03,19.519455,0.09,0.047528755,0.03,20.02,20.8,1,0,b'1999_TL52',1,1,0,350.174135,-0.41207,19.25,2.025,1.093,13.76,b'ASTORB_20041008',16.73,0.15,1534.0,53300.5,2.42605342,0.20594932,1.916631,266.656425,53.847009,148.166685,b'ASTDYS_U_20041008',2.4275,0.1726,0.0509
b's05786',1033,2,223,128,189.168,1294.84,51464.25939,350.377926,-0.487206,350.966991,3.364278,-28.503991,-0.0963,0.005,-0.0915,0.0045,-0.1247,-0.0463,22.12,0.37,20.24,0.04,19.59,0.03,19.395884,0.03,19.311726,0.08,0.103954345,0.04,19.85,20.73,1,0,b'1999_UJ36',1,2,0,350.37787,-0.487313,19.66,2.06,1.128,13.45,b'ASTORB_20041008',17.05,0.15,945.0,53300.5,2.39890897,0.29865006,3.212094,219.278951,67.549196,172.852453,b'ASTDYS_U_20041008',2.40023,0.2809,0.0682
b's05785',1033,2,224,245,277.475,872.922,51464.25983,350.537322,-0.533567,351.095558,3.259017,-28.375861,-0.1451,0.0072,-0.092,0.0066,-0.1698,-0.0276,22.18,0.38,21.1,0.06,20.44,0.04,20.226084,0.05,20.42869,0.2,0.12270735,0.06,20.71,21.59,1,0,b'1999_UK36',1,5,0,350.537236,-0.533588,20.16,2.6,1.68,10.57,b'ASTORB_20041008',16.29,0.15,1473.0,53300.5,2.51133843,0.14333422,4.022403,213.05827,37.475633,189.564475,b'ASTDYS_U_20041008',2.51728,0.1713,0.0753
b's05782',1033,2,230,190,798.234,1614.99,51464.26248,351.492785,-0.451806,352.007432,2.95825,-27.466607,-0.1305,0.0045,-0.091,0.0037,-0.156,-0.0322,20.76,0.11,18.98,0.03,18.37,0.02,18.123356,0.02,18.103962,0.03,0.09319667,0.03,18.62,19.45,1,40505,b'1999_RJ84',1,2,0,351.492691,-0.45181,18.68,2.293,1.361,11.64,b'ASTORB_20041008',15.5,0.15,4287.0,53300.5,2.62608562,0.13504686,2.979211,219.687204,166.912154,47.75135,b'ASTDYS_N_20041008',2.62661,0.0888,0.0663
b's13832',1033,2,232,72,540.177,1482.0,51464.26323,351.763807,-0.466388,352.251085,2.838057,-27.223697,-0.1249,0.0042,-0.0769,0.0037,-0.1453,-0.0215,21.15,0.15,19.46,0.03,18.63,0.02,18.375135,0.05,18.459534,0.04,0.27605382,0.04,18.98,20.02,1,59917,b'1999_RC161',1,2,0,351.763823,-0.4664,19.07,2.77,1.845,9.54,b'ASTORB_20041008',14.9,0.15,4921.0,53300.5,3.09970357,0.12935902,3.733468,211.97319,115.583418,357.987789,b'ASTDYS_N_20041008',3.10169,0.1045,0.0772
b's13835',1033,2,233,99,1232.03,1024.39,51464.26385,351.989627,-0.516705,352.438989,2.70279,-27.036413,-0.1743,0.0037,-0.0695,0.0034,-0.1877,0.0049,18.52,0.03,16.68,0.04,15.97,0.02,15.74343,0.02,15.750389,0.02,0.1578083,0.03,16.26,17.19,1,1559,b'Kustaanheimo',1,2,0,351.989487,-0.51669,15.96,2.712,1.786,9.67,b'ASTORB_20041008',11.9,0.15,25135.0,53300.5,2.39029965,0.13389139,3.202453,328.155872,215.727137,307.190783,b'ASTDYS_N_20041008',2.39011,0.1723,0.0658
b's13836',1033,2,233,292,499.747,1226.09,51464.26363,351.90903,-0.494515,352.3736,2.75496,-27.101581,-0.1228,0.0061,-0.1103,0.0058,-0.1565,-0.053,22.98,0.74,20.73,0.05,20.2,0.04,20.129253,0.04,19.911167,0.14,-0.07496706,0.05,20.41,21.15,1,0,b'1999_VZ125',1,2,0,351.908921,-0.494564,20.57,2.86,1.936,9.19,b'ASTORB_20041008',16.24,0.15,1811.0,53300.5,3.16143824,0.10075436,9.193717,192.970147,182.812839,310.382859,b'ASTDYS_U_20041008',3.16634,0.0663,0.1613
b's13837',1033,2,233,331,702.611,316.531,51464.26369,351.931375,-0.594576,352.354663,2.654195,-27.120579,-0.1308,0.0053,-0.0652,0.0048,-0.146,-0.0084,21.85,0.27,20.25,0.07,19.82,0.03,19.816605,0.04,19.631926,0.12,-0.18826976,0.07,19.99,20.62,1,86220,b'1999_TX60',1,2,0,351.931425,-0.594628,19.98,3.129,2.209,8.4,b'ASTORB_20041008',15.2,0.15,4492.0,53300.5,3.14855675,0.13443143,2.73132,223.475374,47.116371,37.659079,b'ASTDYS_N_20041008',3.13931,0.1552,0.0612
b's1383b',1033,2,239,159,357.286,210.2,51464.26607,352.791527,-0.606086,353.141162,2.304211,-26.336438,-0.1443,0.0056,-0.1077,0.0053,-0.1752,-0.0419,21.81,0.28,19.93,0.04,19.52,0.03,19.359373,0.03,19.317675,0.09,-0.13254637,0.04,19.68,20.29,1,44746,b'1999_TE61',1,1,0,352.791477,-0.606153,19.55,2.879,1.951,8.88,b'ASTORB_20041008',15.2,0.15,4546.0,53300.5,2.79444245,0.18405631,7.331269,194.157124,277.630541,298.262801,b'ASTDYS_N_20041008',2.79374,0.1964,0.1368
b's1383f',1033,2,240,75,622.572,706.989,51464.26657,352.970398,-0.551418,353.327222,2.283777,-26.150868,-0.0997,0.0048,-0.1594,0.0045,-0.1547,-0.107,20.64,0.1,19.21,0.04,18.85,0.02,18.697458,0.03,18.527527,0.06,-0.17605405,0.04,18.99,19.56,1,0,b'1999_VU82',1,1,0,352.970279,-0.551532,18.78,2.27,1.332,11.21,b'ASTORB_20041008',15.68,0.15,940.0,53300.5,2.65049005,0.20390936,11.126378,191.217945,119.878795,95.538224,b'ASTDYS_U_20041008',2.65159,0.1693,0.2012
b's13846',1033,2,241,81,805.805,1361.02,51464.26704,353.140251,-0.47943,353.511837,2.282787,-25.966719,-0.1257,0.005,-0.1162,0.0042,-0.1615,-0.057,20.79,0.14,19.07,0.04,18.41,0.03,18.21042,0.02,18.261248,0.05,0.10881203,0.04,18.68,19.55,1,42857,b'1999_RS84',1,2,0,353.140255,-0.479422,18.42,2.124,1.182,11.92,b'ASTORB_20041008',15.7,0.15,4122.0,53300.5,2.29732638,0.18501772,5.250288,199.299016,90.277128,215.666882,b'ASTDYS_N_20041008',2.29775,0.1558,0