# moID,sdss_run,sdss_col,sdss_field,sdss_obj,rowc,colc,mjd,ra,dec,lambda,beta,phi,vmu,vmu_err,vnu,vnu_err,vlambda,vbeta,mag_u,err_u,mag_g,err_g,mag_r,err_r,mag_i,err_i,mag_z,err_z,mag_a,err_a,mag_V,mag_B,ast_flag,ast_num,ast_designation,ast_det_count,ast_det_total,ast_flags,ra_comp,dec_comp,mag_comp,r_helio,r_geo,phase,cat_id,H,G,Arc,Epoch,a,e,i,asc_node,arg_peri,M,PEcat_id,aprime,eprime,sin_iprime
b's0584d',1033,1,18,501,998.964,227.926,51464.17464,319.778532,-1.028106,321.858475,13.907705,-57.528619,0.0202,0.0037,-0.0973,0.0032,-0.0117,-0.0988,21.81,0.2,20.32,0.04,19.77,0.02,19.561762,0.03,19.43982,0.14,0.009377446,0.04,19.99,20.75,1,62869,b'2000_UO84',1,2,0,319.778812,-1.028018,20.05,3.225,2.59,15.32,b'ASTORB_20041008',14.6,0.15,4095.0,53300.5,3.01652768,0.08975227,14.197422,207.942653,346.90541,119.862253,b'ASTDYS_N_20041008',3.01297,0.1441,0.2474
b's05871',1033,1,26,84,447.126,1859.88,51464.17779,320.915442,-0.84857,323.027658,13.719575,-56.362552,0.0156,0.0024,-0.0753,0.0027,-0.0094,-0.0764,19.69,0.03,17.91,0.02,17.32,0.01,17.101986,0.02,17.051657,0.03,0.04536371,0.02,17.56,18.36,1,5212,b'1989_SS',1,1,0,320.915543,-0.848566,16.91,3.136,2.484,15.56,b'ASTORB_20041008',11.6,0.15,5463.0,53300.5,3.02714364,0.0835713,11.375531,230.39305,225.860346,234.376329,b'ASTDYS_N_20041008',3.02742,0.0856,0.2121
b's0586a',1033,1,38,385,1075.33,1557.66,51464.18295,322.781026,-0.881779,324.832464,13.08832,-54.562862,0.0947,0.0042,-0.034,0.0042,0.0806,-0.0629,21.53,0.12,19.88,0.02,19.23,0.02,19.12369,0.03,19.038269,0.06,0.05483338,0.02,19.49,20.35,1,0,b'2003_WJ38',1,1,0,322.780935,-0.881736,19.5,1.921,1.172,25.4,b'ASTORB_20041008',16.57,0.15,1591.0,53300.5,2.3578807,0.20748863,8.189944,274.373214,109.188165,118.278019,b'ASTDYS_U_20041008',2.35713,0.1738,0.1605
b's05869',1033,1,39,382,550.47,1376.54,51464.18321,322.873013,-0.901683,324.915098,13.039572,-54.480479,0.0326,0.0029,-0.105,0.0032,-0.0034,-0.1099,21.83,0.16,19.82,0.02,19.16,0.02,18.944746,0.02,19.016695,0.06,0.11857065,0.02,19.43,20.3,1,35549,b'1998_FT108',1,1,0,322.873042,-0.901654,18.9,2.76,2.07,17.34,b'ASTORB_20041008',14.2,0.15,2353.0,53300.5,2.62425392,0.13097136,12.570014,212.389797,10.351804,170.453137,b'ASTDYS_N_20041008',2.62381,0.1701,0.2203
b's058d2',1033,1,86,297,1003.84,1547.68,51464.20283,329.958783,-0.882237,331.73463,10.660317,-47.680373,-0.0615,0.0042,-0.0408,0.0034,-0.0732,-0.0167,21.54,0.12,19.66,0.02,19.09,0.02,18.961567,0.03,18.84761,0.05,0.00443095,0.02,19.32,20.11,1,39737,b'1997_AE1',1,1,0,329.95871,-0.882067,19.45,2.931,2.174,14.79,b'ASTORB_20041008',14.6,0.15,2823.0,53300.5,2.67060609,0.10705925,11.147634,301.61726,202.226731,262.960537,b'ASTDYS_N_20041008',2.66956,0.1465,0.2078# moID,sdss_run,sdss_col,sdss_field,sdss_obj,rowc,colc,mjd,ra,dec,lambda,beta,phi,vmu,vmu_err,vnu,vnu_err,vlambda,vbeta,mag_u,err_u,mag_g,err_g,mag_r,err_r,mag_i,err_i,mag_z,err_z,mag_a,err_a,mag_V,mag_B,ast_flag,ast_num,ast_designation,ast_det_count,ast_det_total,ast_flags,ra_comp,dec_comp,mag_comp,r_helio,r_geo,phase,cat_id,H,G,Arc,Epoch,a,e,i,asc_node,arg_peri,M,PEcat_id,aprime,eprime,sin_iprime
b's0584d',1033,1,18,501,998.964,227.926,51464.17464,319.778532,-1.028106,321.858475,13.907705,-57.528619,0.0202,0.0037,-0.0973,0.0032,-0.0117,-0.0988,21.81,0.2,20.32,0.04,19.77,0.02,19.561762,0.03,19.43982,0.14,0.009377446,0.04,19.99,20.75,1,62869,b'2000_UO84',1,2,0,319.778812,-1.028018,20.05,3.225,2.59,15.32,b'ASTORB_20041008',14.6,0.15,4095.0,53300.5,3.01652768,0.08975227,14.197422,207.942653,346.90541,119.862253,b'ASTDYS_N_20041008',3.01297,0.1441,0.2474
b's05871',1033,1,26,84,447.126,1859.88,51464.17779,320.915442,-0.84857,323.027658,13.719575,-56.362552,0.0156,0.0024,-0.0753,0.0027,-0.0094,-0.0764,19.69,0.03,17.91,0.02,17.32,0.01,17.101986,0.02,17.051657,0.03,0.04536371,0.02,17.56,18.36,1,5212,b'1989_SS',1,1,0,320.915543,-0.848566,16.91,3.136,2.484,15.56,b'ASTORB_20041008',11.6,0.15,5463.0,53300.5,3.02714364,0.0835713,11.375531,230.39305,225.860346,234.376329,b'ASTDYS_N_20041008',3.02742,0.0856,0.2121
b's0586a',1033,1,38,385,1075.33,1557.66,51464.18295,322.781026,-0.881779,324.832464,13.08832,-54.562862,0.0947,0.0042,-0.034,0.0042,0.0806,-0.0629,21.53,0.12,19.88,0.02,19.23,0.02,19.12369,0.03,19.038269,0.06,0.05483338,0.02,19.49,20.35,1,0,b'2003_WJ38',1,1,0,322.780935,-0.881736,19.5,1.921,1.172,25.4,b'ASTORB_20041008',16.57,0.15,1591.0,53300.5,2.3578807,0.20748863,8.189944,274.373214,109.188165,118.278019,b'ASTDYS_U_20041008',2.35713,0.1738,0.1605
b's05869',1033,1,39,382,550.47,1376.54,51464.18321,322.873013,-0.901683,324.915098,13.039572,-54.480479,0.0326,0.0029,-0.105,0.0032,-0.0034,-0.1099,21.83,0.16,19.82,0.02,19.16,0.02,18.944746,0.02,19.016695,0.06,0.11857065,0.02,19.43,20.3,1,35549,b'1998_FT108',1,1,0,322.873042,-0.901654,18.9,2.76,2.07,17.34,b'ASTORB_20041008',14.2,0.15,2353.0,53300.5,2.62425392,0.13097136,12.570014,212.389797,10.351804,170.453137,b'ASTDYS_N_20041008',2.62381,0.1701,0.2203
b's058d2',1033,1,86,297,1003.84,1547.68,51464.20283,329.958783,-0.882237,331.73463,10.660317,-47.680373,-0.0615,0.0042,-0.0408,0.0034,-0.0732,-0.0167,21.54,0.12,19.66,0.02,19.09,0.02,18.961567,0.03,18.84761,0.05,0.00443095,0.02,19.32,20.11,1,39737,b'1997_AE1',1,1,0,329.95871,-0.882067,19.45,2.931,2.174,14.79,b'ASTORB_20041008',14.6,0.15,2823.0,53300.5,2.67060609,0.10705925,11.147634,301.61726,202.226731,262.960537,b'ASTDYS_N_20041008',2.66956,0.1465,0.2078# moID,sdss_run,sdss_col,sdss_field,sdss_obj,rowc,colc,mjd,ra,dec,lambda,beta,phi,vmu,vmu_err,vnu,vnu_err,vlambda,vbeta,mag_u,err_u,mag_g,err_g,mag_r,err_r,mag_i,err_i,mag_z,err_z,mag_a,err_a,mag_V,mag_B,ast_flag,ast_num,ast_designation,ast_det_count,ast_det_total,ast_flags,ra_comp,dec_comp,mag_comp,r_helio,r_geo,phase,cat_id,H,G,Arc,Epoch,a,e,i,asc_node,arg_peri,M,PEcat_id,aprime,eprime,sin_iprime
b's0584d',1033,1,18,501,998.964,227.926,51464.17464,319.778532,-1.028106,321.858475,13.907705,-57.528619,0.0202,0.0037,-0.0973,0.0032,-0.0117,-0.0988,21.81,0.2,20.32,0.04,19.77,0.02,19.561762,0.03,19.43982,0.14,0.009377446,0.04,19.99,20.75,1,62869,b'2000_UO84',1,2,0,319.778812,-1.028018,20.05,3.225,2.59,15.32,b'ASTORB_20041008',14.6,0.15,4095.0,53300.5,3.01652768,0.08975227,14.197422,207.942653,346.90541,119.862253,b'ASTDYS_N_20041008',3.01297,0.1441,0.2474
b's05871',1033,1,26,84,447.126,1859.88,51464.17779,320.915442,-0.84857,323.027658,13.719575,-56.362552,0.0156,0.0024,-0.0753,0.0027,-0.0094,-0.0764,19.69,0.03,17.91,0.02,17.32,0.01,17.101986,0.02,17.051657,0.03,0.04536371,0.02,17.56,18.36,1,5212,b'1989_SS',1,1,0,320.915543,-0.848566,16.91,3.136,2.484,15.56,b'ASTORB_20041008',11.6,0.15,5463.0,53300.5,3.02714364,0.0835713,11.375531,230.39305,225.860346,234.376329,b'ASTDYS_N_20041008',3.02742,0.0856,0.2121
b's0586a',1033,1,38,385,1075.33,1557.66,51464.18295,322.781026,-0.881779,324.832464,13.08832,-54.562862,0.0947,0.0042,-0.034,0.0042,0.0806,-0.0629,21.53,0.12,19.88,0.02,19.23,0.02,19.12369,0.03,19.038269,0.06,0.05483338,0.02,19.49,20.35,1,0,b'2003_WJ38',1,1,0,322.780935,-0.881736,19.5,1.921,1.172,25.4,b'ASTORB_20041008',16.57,0.15,1591.0,53300.5,2.3578807,0.20748863,8.189944,274.373214,109.188165,118.278019,b'ASTDYS_U_20041008',2.35713,0.1738,0.1605
b's05869',1033,1,39,382,550.47,1376.54,51464.18321,322.873013,-0.901683,324.915098,13.039572,-54.480479,0.0326,0.0029,-0.105,0.0032,-0.0034,-0.1099,21.83,0.16,19.82,0.02,19.16,0.02,18.944746,0.02,19.016695,0.06,0.11857065,0.02,19.43,20.3,1,35549,b'1998_FT108',1,1,0,322.873042,-0.901654,18.9,2.76,2.07,17.34,b'ASTORB_20041008',14.2,0.15,2353.0,53300.5,2.62425392,0.13097136,12.570014,212.389797,10.351804,170.453137,b'ASTDYS_N_20041008',2.62381,0.1701,0.2203
b's058d2',1033,1,86,297,1003.84,1547.68,51464.20283,329.958783,-0.882237,331.73463,10.660317,-47.680373,-0.0615,0.0042,-0.0408,0.0034,-0.0732,-0.0167,21.54,0.12,19.66,0.02,19.09,0.02,18.961567,0.03,18.84761,0.05,0.00443095,0.02,19.32,20.11,1,39737,b'1997_AE1',1,1,0,329.95871,-0.882067,19.45,2.931,2.174,14.79,b'ASTORB_20041008',14.6,0.15,2823.0,53300.5,2.67060609,0.10705925,11.147634,301.61726,202.226731,262.960537,b'ASTDYS_N_20041008',2.66956,0.1465,0.2078# moID,sdss_run,sdss_col,sdss_field,sdss_obj,rowc,colc,mjd,ra,dec,lambda,beta,phi,vmu,vmu_err,vnu,vnu_err,vlambda,vbeta,mag_u,err_u,mag_g,err_g,mag_r,err_r,mag_i,err_i,mag_z,err_z,mag_a,err_a,mag_V,mag_B,ast_flag,ast_num,ast_designation,ast_det_count,ast_det_total,ast_flags,ra_comp,dec_comp,mag_comp,r_helio,r_geo,phase,cat_id,H,G,Arc,Epoch,a,e,i,asc_node,arg_peri,M,PEcat_id,aprime,eprime,sin_iprime
b's0584d',1033,1,18,501,998.964,227.926,51464.17464,319.778532,-1.028106,321.858475,13.907705,-57.528619,0.0202,0.0037,-0.0973,0.0032,-0.0117,-0.0988,21.81,0.2,20.32,0.04,19.77,0.02,19.561762,0.03,19.43982,0.14,0.009377446,0.04,19.99,20.75,1,62869,b'2000_UO84',1,2,0,319.778812,-1.028018,20.05,3.225,2.59,15.32,b'ASTORB_20041008',14.6,0.15,4095.0,53300.5,3.01652768,0.08975227,14.197422,207.942653,346.90541,119.862253,b'ASTDYS_N_20041008',3.01297,0.1441,0.2474
b's05871',1033,1,26,84,447.126,1859.88,51464.17779,320.915442,-0.84857,323.027658,13.719575,-56.362552,0.0156,0.0024,-0.0753,0.0027,-0.0094,-0.0764,19.69,0.03,17.91,0.02,17.32,0.01,17.101986,0.02,17.051657,0.03,0.04536371,0.02,17.56,18.36,1,5212,b'1989_SS',1,1,0,320.915543,-0.848566,16.91,3.136,2.484,15.56,b'ASTORB_20041008',11.6,0.15,5463.0,53300.5,3.02714364,0.0835713,11.375531,230.39305,225.860346,234.376329,b'ASTDYS_N_20041008',3.02742,0.0856,0.2121
b's0586a',1033,1,38,385,1075.33,1557.66,51464.18295,322.781026,-0.881779,324.832464,13.08832,-54.562862,0.0947,0.0042,-0.034,0.0042,0.0806,-0.0629,21.53,0.12,19.88,0.02,19.23,0.02,19.12369,0.03,19.038269,0.06,0.05483338,0.02,19.49,20.35,1,0,b'2003_WJ38',1,1,0,322.780935,-0.881736,19.5,1.921,1.172,25.4,b'ASTORB_20041008',16.57,0.15,1591.0,53300.5,2.3578807,0.20748863,8.189944,274.373214,109.188165,118.278019,b'ASTDYS_U_20041008',2.35713,0.1738,0.1605
b's05869',1033,1,39,382,550.47,1376.54,51464.18321,322.873013,-0.901683,324.915098,13.039572,-54.480479,0.0326,0.0029,-0.105,0.0032,-0.0034,-0.1099,21.83,0.16,19.82,0.02,19.16,0.02,18.944746,0.02,19.016695,0.06,0.11857065,0.02,19.43,20.3,1,35549,b'1998_FT108',1,1,0,322.873042,-0.901654,18.9,2.76,2.07,17.34,b'ASTORB_20041008',14.2,0.15,2353.0,53300.5,2.62425392,0.13097136,12.570014,212.389797,10.351804,170.453137,b'ASTDYS_N_20041008',2.62381,0.1701,0.2203
b's058d2',1033,1,86,297,1003.84,1547.68,51464.20283,329.958783,-0.882237,331.73463,10.660317,-47.680373,-0.0615,0.0042,-0.0408,0.0034,-0.0732,-0.0167,21.54,0.12,19.66,0.02,19.09,0.02,18.961567,0.03,18.84761,0.05,0.00443095,0.02,19.32,20.11,1,39737,b'1997_AE1',1,1,0,329.95871,-0.882067,19.45,2.931,2.174,14.79,b'ASTORB_20041008',14.6,0.15,2823.0,53300.5,2.67060609,0.10705925,11.147634,301.61726,202.226731,262.960537,b'ASTDYS_N_20041008',2.66956,0.1465,0.2078# moID,sdss_run,sdss_col,sdss_field,sdss_obj,rowc,colc,mjd,ra,dec,lambda,beta,phi,vmu,vmu_err,vnu,vnu_err,vlambda,vbeta,mag_u,err_u,mag_g,err_g,mag_r,err_r,mag_i,err_i,mag_z,err_z,mag_a,err_a,mag_V,mag_B,ast_flag,ast_num,ast_designation,ast_det_count,ast_det_total,ast_flags,ra_comp,dec_comp,mag_comp,r_helio,r_geo,phase,cat_id,H,G,Arc,Epoch,a,e,i,asc_node,arg_peri,M,PEcat_id,aprime,eprime,sin_iprime
b's0584d',1033,1,18,501,998.964,227.926,51464.17464,319.778532,-1.028106,321.858475,13.907705,-57.528619,0.0202,0.0037,-0.0973,0.0032,-0.0117,-0.0988,21.81,0.2,20.32,0.04,19.77,0.02,19.561762,0.03,19.43982,0.14,0.009377446,0.04,19.99,20.75,1,62869,b'2000_UO84',1,2,0,319.778812,-1.028018,20.05,3.225,2.59,15.32,b'ASTORB_20041008',14.6,0.15,4095.0,53300.5,3.01652768,0.08975227,14.197422,207.942653,346.90541,119.862253,b'ASTDYS_N_20041008',3.01297,0.1441,0.2474
b's05871',1033,1,26,84,447.126,1859.88,51464.17779,320.915442,-0.84857,323.027658,13.719575,-56.362552,0.0156,0.0024,-0.0753,0.0027,-0.0094,-0.0764,19.69,0.03,17.91,0.02,17.32,0.01,17.101986,0.02,17.051657,0.03,0.04536371,0.02,17.56,18.36,1,5212,b'1989_SS',1,1,0,320.915543,-0.848566,16.91,3.136,2.484,15.56,b'ASTORB_20041008',11.6,0.15,5463.0,53300.5,3.02714364,0.0835713,11.375531,230.39305,225.860346,234.376329,b'ASTDYS_N_20041008',3.02742,0.0856,0.2121
b's0586a',1033,1,38,385,1075.33,1557.66,51464.18295,322.781026,-0.881779,324.832464,13.08832,-54.562862,0.0947,0.0042,-0.034,0.0042,0.0806,-0.0629,21.53,0.12,19.88,0.02,19.23,0.02,19.12369,0.03,19.038269,0.06,0.05483338,0.02,19.49,20.35,1,0,b'2003_WJ38',1,1,0,322.780935,-0.881736,19.5,1.921,1.172,25.4,b'ASTORB_20041008',16.57,0.15,1591.0,53300.5,2.3578807,0.20748863,8.189944,274.373214,109.188165,118.278019,b'ASTDYS_U_20041008',2.35713,0.1738,0.1605
b's05869',1033,1,39,382,550.47,1376.54,51464.18321,322.873013,-0.901683,324.915098,13.039572,-54.480479,0.0326,0.0029,-0.105,0.0032,-0.0034,-0.1099,21.83,0.16,19.82,0.02,19.16,0.02,18.944746,0.02,19.016695,0.06,0.11857065,0.02,19.43,20.3,1,35549,b'1998_FT108',1,1,0,322.873042,-0.901654,18.9,2.76,2.07,17.34,b'ASTORB_20041008',14.2,0.15,2353.0,53300.5,2.62425392,0.13097136,12.570014,212.389797,10.351804,170.453137,b'ASTDYS_N_20041008',2.62381,0.1701,0.2203
b's058d2',1033,1,86,297,1003.84,1547.68,51464.20283,329.958783,-0.882237,331.73463,10.660317,-47.680373,-0.0615,0.0042,-0.0408,0.0034,-0.0732,-0.0167,21.54,0.12,19.66,0.02,19.09,0.02,18.961567,0.03,18.84761,0.05,0.00443095,0.02,19.32,20.11,1,39737,b'1997_AE1',1,1,0,329.95871,-0.882067,19.45,2.931,2.174,14.79,b'ASTORB_20041008',14.6,0.15,2823.0,53300.5,2.67060609,0.10705925,11.147634,301.61726,202.226731,262.960537,b'ASTDYS_N_20041008',2.66956,0.1465,0.2078